5
6
16

1

400	300	600	200	400	

1	2	1	1	1	

3	
3	3	
2	
2	
3	


5	3	2	

1	6	2	
3	5	2	

3	5	

4	2	

3	5	1	


6	5	5	
4	5	1	
5	6	5	
6	1	
6	2	
1	1	4	

5	5	5	5	5	5	
1800	2600	4100	1900	3100	1900	
550	650	750	700	450	300	

0	5	6	6	4	4	6	2	6	3	4	7	3	7	3	12	
5	0	9	3	7	1	3	7	3	6	5	8	8	4	6	7	
6	9	0	6	4	10	12	6	12	5	10	3	7	13	9	8	
6	3	6	0	6	4	6	8	6	7	6	5	9	7	7	6	
4	7	4	6	0	8	10	4	10	1	8	7	5	11	7	12	
4	1	10	4	8	0	2	6	2	7	4	9	7	3	5	8	
6	3	12	6	10	2	0	6	2	9	2	11	5	5	3	10	
2	7	6	8	4	6	6	0	6	3	4	9	1	9	3	14	
6	3	12	6	10	2	2	6	0	9	4	11	7	3	5	8	
3	6	5	7	1	7	9	3	9	0	7	8	4	10	6	13	
4	5	10	6	8	4	2	4	4	7	0	9	3	7	1	12	
7	8	3	5	7	9	11	9	11	8	9	0	10	12	8	5	
3	8	7	9	5	7	5	1	7	4	3	10	0	10	2	15	
7	4	13	7	11	3	5	9	3	10	7	12	10	0	8	7	
3	6	9	7	7	5	3	3	5	6	1	8	2	8	0	13	
12	7	8	6	12	8	10	14	8	13	12	5	15	7	13	0	
