8
8
27

1

300	400	600	200	600	600	500	500	

1	1	2	2	2	2	2	2	

3	
2	
3	2	
3	2	
2	3	
2	2	
3	2	
2	3	


7	4	3	

6	1	

4	7	8	
4	3	

6	2	1	
6	8	

6	5	
4	5	7	

6	4	
4	6	

2	3	5	
4	7	

3	1	
3	1	7	


5	5	3	
4	3	
4	5	3	
1	4	
4	3	4	
6	1	
5	1	
3	5	3	
6	5	
1	4	
3	2	6	
5	3	
1	4	
6	4	6	

8	8	8	8	8	8	8	8	
2900	2300	3400	3000	3700	4200	3300	2400	
350	550	500	400	300	750	650	450	

0	3	10	7	4	6	9	8	1	5	5	9	8	12	9	10	8	8	14	8	2	3	7	5	2	8	3	
3	0	11	8	5	7	6	9	2	8	6	10	11	13	10	11	7	9	15	9	5	2	4	2	1	11	6	
10	11	0	5	6	4	7	2	11	7	5	7	10	2	1	4	6	2	4	4	10	9	7	9	10	10	9	
7	8	5	0	3	9	12	7	8	2	6	2	5	5	4	3	11	5	7	1	7	6	10	8	7	5	6	
4	5	6	3	0	6	9	4	5	5	3	5	8	8	5	6	8	4	10	4	4	3	7	5	4	8	3	
6	7	4	9	6	0	3	2	7	11	3	11	14	6	5	8	2	4	8	8	8	5	3	5	6	14	9	
9	6	7	12	9	3	0	5	8	14	6	14	17	9	8	11	1	7	9	11	11	6	2	4	7	17	12	
8	9	2	7	4	2	5	0	9	9	3	9	12	4	3	6	4	2	6	6	8	7	5	7	8	12	7	
1	2	11	8	5	7	8	9	0	6	6	10	9	13	10	11	7	9	15	9	3	2	6	4	1	9	4	
5	8	7	2	5	11	14	9	6	0	8	4	3	7	6	5	13	7	9	3	5	8	12	10	7	3	4	
5	6	5	6	3	3	6	3	6	8	0	8	11	7	4	5	5	3	9	5	5	4	4	4	5	11	6	
9	10	7	2	5	11	14	9	10	4	8	0	5	5	6	3	13	7	5	3	9	8	12	10	9	3	8	
8	11	10	5	8	14	17	12	9	3	11	5	0	8	9	6	16	10	10	6	6	11	15	13	10	2	5	
12	13	2	5	8	6	9	4	13	7	7	5	8	0	3	2	8	4	2	4	12	11	9	11	12	8	11	
9	10	1	4	5	5	8	3	10	6	4	6	9	3	0	3	7	1	5	3	9	8	6	8	9	9	8	
10	11	4	3	6	8	11	6	11	5	5	3	6	2	3	0	10	4	4	2	10	9	9	9	10	6	9	
8	7	6	11	8	2	1	4	7	13	5	13	16	8	7	10	0	6	8	10	10	5	3	5	6	16	11	
8	9	2	5	4	4	7	2	9	7	3	7	10	4	1	4	6	0	6	4	8	7	5	7	8	10	7	
14	15	4	7	10	8	9	6	15	9	9	5	10	2	5	4	8	6	0	6	14	13	11	13	14	8	13	
8	9	4	1	4	8	11	6	9	3	5	3	6	4	3	2	10	4	6	0	8	7	9	7	8	6	7	
2	5	10	7	4	8	11	8	3	5	5	9	6	12	9	10	10	8	14	8	0	5	9	7	4	6	1	
3	2	9	6	3	5	6	7	2	8	4	8	11	11	8	9	5	7	13	7	5	0	4	2	1	11	6	
7	4	7	10	7	3	2	5	6	12	4	12	15	9	6	9	3	5	11	9	9	4	0	2	5	15	10	
5	2	9	8	5	5	4	7	4	10	4	10	13	11	8	9	5	7	13	7	7	2	2	0	3	13	8	
2	1	10	7	4	6	7	8	1	7	5	9	10	12	9	10	6	8	14	8	4	1	5	3	0	10	5	
8	11	10	5	8	14	17	12	9	3	11	3	2	8	9	6	16	10	8	6	6	11	15	13	10	0	5	
3	6	9	6	3	9	12	7	4	4	6	8	5	11	8	9	11	7	13	7	1	6	10	8	5	5	0	
