6
6
22

1

300	400	200	200	300	600	

1	1	2	2	2	2	

3	
3	
3	3	
3	3	
3	2	
3	2	


5	3	4	

3	1	6	

1	6	5	
6	1	3	

4	2	3	
3	2	5	

1	4	5	
2	1	

6	2	1	
3	1	


3	2	6	
3	2	1	
2	6	4	
1	6	2	
5	6	3	
6	4	3	
6	2	3	
5	4	
3	5	1	
6	2	

6	6	6	6	6	6	
2000	3500	4100	2100	1200	2100	
650	500	450	700	300	700	

0	10	16	9	3	14	1	9	12	6	9	6	11	4	7	14	10	3	2	8	8	6	
10	0	6	3	7	4	11	1	8	4	11	8	1	6	3	4	8	7	8	12	4	6	
16	6	0	7	13	2	17	7	4	10	7	10	5	12	9	2	6	13	14	8	10	12	
9	3	7	0	8	7	10	2	11	3	14	11	4	9	6	5	11	10	7	15	3	5	
3	7	13	8	0	11	4	6	9	5	6	3	8	1	4	11	7	2	1	7	7	5	
14	4	2	7	11	0	15	5	4	8	7	8	3	10	7	2	4	11	12	8	8	10	
1	11	17	10	4	15	0	10	13	7	10	7	12	5	8	15	11	4	3	9	7	5	
9	1	7	2	6	5	10	0	9	3	12	9	2	7	4	5	9	8	7	13	3	5	
12	8	4	11	9	4	13	9	0	8	3	6	7	8	5	6	2	9	10	4	10	8	
6	4	10	3	5	8	7	3	8	0	11	8	5	6	3	8	8	7	4	12	2	2	
9	11	7	14	6	7	10	12	3	11	0	3	10	5	8	9	3	6	7	1	13	11	
6	8	10	11	3	8	7	9	6	8	3	0	7	2	5	8	4	3	4	4	10	8	
11	1	5	4	8	3	12	2	7	5	10	7	0	7	4	3	7	8	9	11	5	7	
4	6	12	9	1	10	5	7	8	6	5	2	7	0	3	10	6	1	2	6	8	6	
7	3	9	6	4	7	8	4	5	3	8	5	4	3	0	7	5	4	5	9	5	3	
14	4	2	5	11	2	15	5	6	8	9	8	3	10	7	0	6	11	12	10	8	10	
10	8	6	11	7	4	11	9	2	8	3	4	7	6	5	6	0	7	8	4	10	8	
3	7	13	10	2	11	4	8	9	7	6	3	8	1	4	11	7	0	3	5	9	7	
2	8	14	7	1	12	3	7	10	4	7	4	9	2	5	12	8	3	0	8	6	4	
8	12	8	15	7	8	9	13	4	12	1	4	11	6	9	10	4	5	8	0	14	12	
8	4	10	3	7	8	7	3	10	2	13	10	5	8	5	8	10	9	6	14	0	2	
6	6	12	5	5	10	5	5	8	2	11	8	7	6	3	10	8	7	4	12	2	0	
