6
6
18

1

600	200	500	500	500	200	

2	2	1	1	2	2	

2	3	
2	3	
2	
3	
3	3	
2	2	


4	1	
2	1	5	

1	5	
2	1	3	

1	4	

1	2	4	

4	2	3	
3	2	4	

1	6	
6	4	


4	2	
6	2	5	
1	6	
6	1	3	
5	1	
5	2	6	
3	6	4	
6	6	2	
6	1	
2	3	

6	6	6	6	6	6	
2800	3800	3400	3100	3100	900	
750	550	350	300	600	500	

0	10	6	3	3	1	3	8	7	4	2	4	8	6	3	5	1	6	
10	0	16	7	11	11	9	2	9	10	8	8	2	4	7	5	11	16	
6	16	0	9	5	5	7	14	9	6	8	8	14	12	9	11	5	2	
3	7	9	0	4	4	4	5	6	3	3	3	5	5	2	4	4	9	
3	11	5	4	0	2	2	9	10	7	3	7	9	7	6	8	4	5	
1	11	5	4	2	0	2	9	8	5	3	5	9	7	4	6	2	5	
3	9	7	4	2	2	0	7	10	7	1	7	7	5	6	8	4	7	
8	2	14	5	9	9	7	0	9	8	6	6	2	2	5	7	9	14	
7	9	9	6	10	8	10	9	0	3	9	3	7	11	4	4	6	7	
4	10	6	3	7	5	7	8	3	0	6	2	8	8	3	5	3	6	
2	8	8	3	3	3	1	6	9	6	0	6	6	4	5	7	3	8	
4	8	8	3	7	5	7	6	3	2	6	0	6	8	1	3	3	8	
8	2	14	5	9	9	7	2	7	8	6	6	0	4	5	5	9	14	
6	4	12	5	7	7	5	2	11	8	4	8	4	0	7	9	7	12	
3	7	9	2	6	4	6	5	4	3	5	1	5	7	0	2	4	9	
5	5	11	4	8	6	8	7	4	5	7	3	5	9	2	0	6	11	
1	11	5	4	4	2	4	9	6	3	3	3	9	7	4	6	0	5	
6	16	2	9	5	5	7	14	7	6	8	8	14	12	9	11	5	0	
