4
5
14

1

600	300	500	400	

1	1	1	2	

3	
3	
3	
3	2	


1	3	2	

4	2	1	

5	3	1	

5	3	4	
3	2	


1	6	1	
6	6	4	
5	6	5	
3	5	4	
5	5	

4	4	4	4	4	
2500	2700	3700	2500	3200	
650	650	450	450	550	

0	9	8	6	15	10	15	13	5	3	10	17	8	12	
9	0	1	7	10	1	8	4	4	8	9	8	5	13	
8	1	0	6	9	2	7	5	3	7	8	9	4	12	
6	7	6	0	9	8	9	7	5	3	4	11	2	6	
15	10	9	9	0	11	2	8	10	12	5	2	7	3	
10	1	2	8	11	0	9	3	5	9	10	9	6	14	
15	8	7	9	2	9	0	6	10	12	5	2	7	5	
13	4	5	7	8	3	6	0	8	10	7	6	5	11	
5	4	3	5	10	5	10	8	0	6	7	12	3	11	
3	8	7	3	12	9	12	10	6	0	7	14	5	9	
10	9	8	4	5	10	5	7	7	7	0	7	4	4	
17	8	9	11	2	9	2	6	12	14	7	0	9	5	
8	5	4	2	7	6	7	5	3	5	4	9	0	8	
12	13	12	6	3	14	5	11	11	9	4	5	8	0	
