8
8
27

1

400	600	200	500	500	500	200	400	

2	1	1	2	2	1	2	1	

3	2	
3	
3	
3	2	
2	2	
3	
2	3	
2	


1	4	5	
1	7	

8	6	5	

1	3	6	

7	6	2	
8	6	

2	1	
7	2	

1	6	2	

2	8	
2	6	8	

5	1	


6	6	1	
3	5	
1	5	2	
6	3	6	
4	6	6	
2	6	
1	2	
3	4	
3	1	2	
2	4	
4	6	6	
3	1	

8	8	8	8	8	8	8	8	
2800	3500	900	2400	2000	3900	2100	1500	
500	650	500	600	450	600	550	400	

0	10	11	4	6	4	1	10	6	9	13	14	7	11	8	4	2	5	4	11	2	6	9	5	9	2	7	
10	0	3	6	4	8	9	6	6	5	7	4	3	11	4	10	12	5	6	1	10	6	1	11	13	8	11	
11	3	0	7	5	7	10	3	7	2	4	3	4	8	5	7	13	6	7	2	11	5	2	8	10	9	8	
4	6	7	0	4	4	3	6	4	5	9	10	3	7	6	6	6	1	2	7	4	2	5	7	9	2	7	
6	4	5	4	0	8	7	6	2	5	7	8	1	11	2	10	8	5	2	5	8	6	3	11	13	4	11	
4	8	7	4	8	0	3	6	8	5	9	10	7	7	10	2	6	3	6	7	4	2	7	3	5	4	3	
1	9	10	3	7	3	0	9	7	8	12	13	6	10	9	3	3	4	5	10	1	5	8	4	8	3	6	
10	6	3	6	6	6	9	0	6	1	3	4	5	5	8	6	12	5	6	5	10	4	5	7	7	8	5	
6	6	7	4	2	8	7	6	0	5	9	10	3	11	2	10	6	5	2	7	8	6	5	11	13	4	11	
9	5	2	5	5	5	8	1	5	0	4	5	4	6	7	5	11	4	5	4	9	3	4	6	8	7	6	
13	7	4	9	7	9	12	3	9	4	0	3	6	4	9	9	15	8	9	6	13	7	6	10	6	11	6	
14	4	3	10	8	10	13	4	10	5	3	0	7	7	8	10	16	9	10	3	14	8	5	11	9	12	7	
7	3	4	3	1	7	6	5	3	4	6	7	0	10	3	9	9	4	3	4	7	5	2	10	12	5	10	
11	11	8	7	11	7	10	5	11	6	4	7	10	0	13	7	13	6	9	10	11	5	10	8	2	9	4	
8	4	5	6	2	10	9	8	2	7	9	8	3	13	0	12	8	7	4	5	10	8	3	13	15	6	13	
4	10	7	6	10	2	3	6	10	5	9	10	9	7	12	0	6	5	8	9	4	4	9	1	5	6	3	
2	12	13	6	8	6	3	12	6	11	15	16	9	13	8	6	0	7	6	13	2	8	11	5	11	4	9	
5	5	6	1	5	3	4	5	5	4	8	9	4	6	7	5	7	0	3	6	5	1	4	6	8	3	6	
4	6	7	2	2	6	5	6	2	5	9	10	3	9	4	8	6	3	0	7	6	4	5	9	11	2	9	
11	1	2	7	5	7	10	5	7	4	6	3	4	10	5	9	13	6	7	0	11	5	2	10	12	9	10	
2	10	11	4	8	4	1	10	8	9	13	14	7	11	10	4	2	5	6	11	0	6	9	3	9	4	7	
6	6	5	2	6	2	5	4	6	3	7	8	5	5	8	4	8	1	4	5	6	0	5	5	7	4	5	
9	1	2	5	3	7	8	5	5	4	6	5	2	10	3	9	11	4	5	2	9	5	0	10	12	7	10	
5	11	8	7	11	3	4	7	11	6	10	11	10	8	13	1	5	6	9	10	3	5	10	0	6	7	4	
9	13	10	9	13	5	8	7	13	8	6	9	12	2	15	5	11	8	11	12	9	7	12	6	0	9	2	
2	8	9	2	4	4	3	8	4	7	11	12	5	9	6	6	4	3	2	9	4	4	7	7	9	0	7	
7	11	8	7	11	3	6	5	11	6	6	7	10	4	13	3	9	6	9	10	7	5	10	4	2	7	0	
