4
5
14

1

600	300	300	500	

1	2	2	2	

3	
2	2	
3	3	
2	2	


4	5	2	

4	2	
5	1	

4	3	1	
3	1	4	

2	3	
3	5	


1	6	6	
3	4	
5	1	
6	2	3	
2	2	3	
2	1	
5	4	

4	4	4	4	4	
1800	3900	3400	2400	4300	
750	750	650	600	750	

0	5	3	8	3	5	7	5	4	4	1	1	5	6	
5	0	2	5	4	8	6	4	5	7	6	4	8	5	
3	2	0	5	2	6	4	2	3	7	4	4	8	3	
8	5	5	0	5	5	3	3	4	12	9	9	13	2	
3	4	2	5	0	4	4	2	1	7	4	4	8	3	
5	8	6	5	4	0	2	4	3	9	6	6	10	3	
7	6	4	3	4	2	0	2	3	11	8	8	12	1	
5	4	2	3	2	4	2	0	1	9	6	6	10	1	
4	5	3	4	1	3	3	1	0	8	5	5	9	2	
4	7	7	12	7	9	11	9	8	0	3	3	1	10	
1	6	4	9	4	6	8	6	5	3	0	2	4	7	
1	4	4	9	4	6	8	6	5	3	2	0	4	7	
5	8	8	13	8	10	12	10	9	1	4	4	0	11	
6	5	3	2	3	3	1	1	2	10	7	7	11	0	
