10
8
31

1

500	300	300	200	200	300	600	300	600	200	

1	1	2	2	1	1	1	1	1	1	

3	
3	
2	3	
2	2	
3	
3	
3	
2	
2	
3	


3	1	5	

1	7	3	

4	8	
4	7	2	

2	4	
6	3	

3	7	6	

2	1	5	

1	7	2	

7	8	

3	8	

1	5	6	


2	2	5	
5	3	1	
5	3	
6	6	1	
6	5	
4	6	
5	4	2	
1	5	4	
3	1	3	
6	4	
2	3	
4	1	6	

10	10	10	10	10	10	10	10	
1900	2100	1700	1900	2900	1400	2300	2100	
700	750	400	700	650	300	350	500	

0	3	11	9	1	10	5	7	16	13	9	4	7	12	7	15	12	2	10	8	7	3	11	4	11	9	4	3	8	4	7	
3	0	10	8	4	9	4	6	15	12	8	7	6	11	10	14	11	3	9	11	6	2	10	7	10	8	3	6	7	1	6	
11	10	0	2	12	9	6	4	5	4	8	9	6	9	12	6	3	9	1	13	8	8	8	9	4	6	7	10	3	9	4	
9	8	2	0	10	11	4	6	7	6	10	11	8	11	14	8	5	7	1	15	10	6	10	11	6	8	5	10	1	7	4	
1	4	12	10	0	11	6	8	17	14	10	3	8	13	8	16	13	3	11	7	8	4	12	5	12	10	5	2	9	5	8	
10	9	9	11	11	0	7	5	6	5	1	8	3	2	3	5	6	8	10	4	3	7	1	6	5	3	8	9	10	8	7	
5	4	6	4	6	7	0	2	11	8	6	7	4	7	10	10	7	3	5	11	6	2	6	7	6	4	1	6	3	3	2	
7	6	4	6	8	5	2	0	9	6	4	5	2	5	8	8	5	5	5	9	4	4	4	5	4	2	3	6	5	5	2	
16	15	5	7	17	6	11	9	0	3	7	14	9	4	9	1	4	14	6	10	9	13	5	12	5	7	12	15	8	14	9	
13	12	4	6	14	5	8	6	3	0	4	11	6	5	8	2	1	11	5	9	6	10	4	9	2	4	9	12	5	11	6	
9	8	8	10	10	1	6	4	7	4	0	7	2	3	4	6	5	7	9	5	2	6	2	5	4	2	7	8	9	7	6	
4	7	9	11	3	8	7	5	14	11	7	0	5	10	5	13	10	4	10	4	5	7	9	2	9	7	8	1	10	8	7	
7	6	6	8	8	3	4	2	9	6	2	5	0	5	6	8	5	5	7	7	2	4	4	3	4	2	5	6	7	5	4	
12	11	9	11	13	2	7	5	4	5	3	10	5	0	5	3	6	10	10	6	5	9	1	8	5	3	8	11	10	10	7	
7	10	12	14	8	3	10	8	9	8	4	5	6	5	0	8	9	7	13	1	4	10	4	3	8	6	11	6	13	11	10	
15	14	6	8	16	5	10	8	1	2	6	13	8	3	8	0	3	13	7	9	8	12	4	11	4	6	11	14	7	13	8	
12	11	3	5	13	6	7	5	4	1	5	10	5	6	9	3	0	10	4	10	5	9	5	8	1	3	8	11	4	10	5	
2	3	9	7	3	8	3	5	14	11	7	4	5	10	7	13	10	0	8	8	5	3	9	4	9	7	4	3	6	4	5	
10	9	1	1	11	10	5	5	6	5	9	10	7	10	13	7	4	8	0	14	9	7	9	10	5	7	6	9	2	8	3	
8	11	13	15	7	4	11	9	10	9	5	4	7	6	1	9	10	8	14	0	5	11	5	4	9	7	12	5	14	12	11	
7	6	8	10	8	3	6	4	9	6	2	5	2	5	4	8	5	5	9	5	0	6	4	3	4	2	7	6	9	7	6	
3	2	8	6	4	7	2	4	13	10	6	7	4	9	10	12	9	3	7	11	6	0	8	7	8	6	1	6	5	1	4	
11	10	8	10	12	1	6	4	5	4	2	9	4	1	4	4	5	9	9	5	4	8	0	7	4	2	7	10	9	9	6	
4	7	9	11	5	6	7	5	12	9	5	2	3	8	3	11	8	4	10	4	3	7	7	0	7	5	8	3	10	8	7	
11	10	4	6	12	5	6	4	5	2	4	9	4	5	8	4	1	9	5	9	4	8	4	7	0	2	7	10	5	9	4	
9	8	6	8	10	3	4	2	7	4	2	7	2	3	6	6	3	7	7	7	2	6	2	5	2	0	5	8	7	7	4	
4	3	7	5	5	8	1	3	12	9	7	8	5	8	11	11	8	4	6	12	7	1	7	8	7	5	0	7	4	2	3	
3	6	10	10	2	9	6	6	15	12	8	1	6	11	6	14	11	3	9	5	6	6	10	3	10	8	7	0	9	7	6	
8	7	3	1	9	10	3	5	8	5	9	10	7	10	13	7	4	6	2	14	9	5	9	10	5	7	4	9	0	6	3	
4	1	9	7	5	8	3	5	14	11	7	8	5	10	11	13	10	4	8	12	7	1	9	8	9	7	2	7	6	0	5	
7	6	4	4	8	7	2	2	9	6	6	7	4	7	10	8	5	5	3	11	6	4	6	7	4	4	3	6	3	5	0	
