4
5
14

1

300	600	300	400	

2	2	2	1	

3	2	
2	3	
2	3	
3	


5	1	2	
4	5	

3	4	
4	3	1	

4	2	
3	1	5	

5	3	4	


3	6	2	
1	6	
2	3	
6	5	3	
6	1	
3	6	2	
3	2	6	

4	4	4	4	4	
2300	900	3400	3900	2000	
350	350	450	400	550	

0	5	4	4	5	5	6	3	4	4	4	8	1	5	
5	0	1	7	6	2	5	4	3	5	9	3	6	10	
4	1	0	6	7	3	4	5	2	6	8	4	5	9	
4	7	6	0	9	7	6	7	6	8	2	10	3	7	
5	6	7	9	0	4	11	2	9	1	9	7	6	6	
5	2	3	7	4	0	7	2	5	3	9	3	6	10	
6	5	4	6	11	7	0	9	2	10	8	4	5	9	
3	4	5	7	2	2	9	0	7	1	7	5	4	8	
4	3	2	6	9	5	2	7	0	8	8	4	5	9	
4	5	6	8	1	3	10	1	8	0	8	6	5	7	
4	9	8	2	9	9	8	7	8	8	0	12	3	7	
8	3	4	10	7	3	4	5	4	6	12	0	9	13	
1	6	5	3	6	6	5	4	5	5	3	9	0	4	
5	10	9	7	6	10	9	8	9	7	7	13	4	0	
