6
6
19

1

500	400	200	500	200	300	

1	1	1	1	1	1	

3	
2	
3	
2	
2	
2	


6	2	3	

3	6	

2	5	3	

3	2	

1	6	

2	3	


5	3	5	
2	3	
5	4	2	
3	5	
1	6	
5	5	

6	6	6	6	6	6	
900	2500	3100	0	1500	2500	
550	600	650	450	700	500	

0	6	7	8	9	2	9	8	8	11	6	5	4	9	3	11	11	8	8	
6	0	3	2	5	4	9	6	2	5	2	5	4	9	3	11	5	8	8	
7	3	0	5	2	5	12	9	1	8	5	8	7	12	4	14	4	11	11	
8	2	5	0	7	6	7	4	4	3	2	7	6	7	5	9	3	6	6	
9	5	2	7	0	7	14	11	3	10	7	10	9	14	6	16	4	13	13	
2	4	5	6	7	0	9	6	6	9	4	5	4	9	1	11	9	8	8	
9	9	12	7	14	9	0	3	11	4	7	8	7	2	8	2	10	5	1	
8	6	9	4	11	6	3	0	8	3	4	7	6	3	5	5	7	4	2	
8	2	1	4	3	6	11	8	0	7	4	7	6	11	5	13	3	10	10	
11	5	8	3	10	9	4	3	7	0	5	10	9	4	8	6	6	7	3	
6	2	5	2	7	4	7	4	4	5	0	5	4	7	3	9	5	6	6	
5	5	8	7	10	5	8	7	7	10	5	0	1	6	4	6	10	3	7	
4	4	7	6	9	4	7	6	6	9	4	1	0	5	3	7	9	4	6	
9	9	12	7	14	9	2	3	11	4	7	6	5	0	8	2	10	3	1	
3	3	4	5	6	1	8	5	5	8	3	4	3	8	0	10	8	7	7	
11	11	14	9	16	11	2	5	13	6	9	6	7	2	10	0	12	3	3	
11	5	4	3	4	9	10	7	3	6	5	10	9	10	8	12	0	9	9	
8	8	11	6	13	8	5	4	10	7	6	3	4	3	7	3	9	0	4	
8	8	11	6	13	8	1	2	10	3	6	7	6	1	7	3	9	4	0	
