10
8
28

1

600	300	500	600	400	600	300	500	300	200	

1	1	2	1	2	2	2	2	1	1	

3	
3	
2	2	
2	
3	2	
3	2	
3	3	
2	2	
2	
3	


1	8	2	

8	1	6	

3	2	
6	7	

2	3	

4	5	3	
8	1	

6	1	8	
6	8	

1	5	6	
6	5	2	

4	6	
2	1	

6	7	

2	6	8	


2	6	5	
1	4	5	
4	1	
5	2	
5	2	
1	1	5	
6	4	
1	6	6	
2	1	
6	5	2	
4	1	3	
1	6	
4	2	
3	1	
5	1	6	

10	10	10	10	10	10	10	10	
4100	3900	2300	700	2300	3700	1400	4400	
350	500	450	550	550	400	600	700	

0	3	2	6	10	3	9	7	12	10	11	16	7	2	8	1	1	1	14	11	5	11	6	4	8	13	6	8	
3	0	1	9	7	6	10	10	9	11	8	13	4	3	5	2	4	4	11	8	8	14	3	5	5	10	3	5	
2	1	0	8	8	5	9	9	10	10	9	14	5	2	6	1	3	3	12	9	7	13	4	4	6	11	4	6	
6	9	8	0	8	3	7	5	10	8	9	14	5	6	10	7	5	5	12	9	1	5	10	4	6	11	8	6	
10	7	8	8	0	11	9	9	4	10	3	6	3	8	2	9	11	9	4	1	9	13	4	6	2	3	4	4	
3	6	5	3	11	0	10	8	13	11	12	17	8	3	9	4	2	2	15	12	2	8	7	5	9	14	7	9	
9	10	9	7	9	10	0	2	5	1	6	7	6	7	11	8	10	8	5	8	8	4	11	5	7	8	9	5	
7	10	9	5	9	8	2	0	5	3	6	9	6	7	11	8	8	6	7	8	6	4	11	5	7	8	9	5	
12	9	10	10	4	13	5	5	0	6	1	4	5	10	6	11	13	11	2	3	11	9	6	8	4	3	6	4	
10	11	10	8	10	11	1	3	6	0	7	6	7	8	12	9	11	9	6	9	9	3	12	6	8	9	10	6	
11	8	9	9	3	12	6	6	1	7	0	5	4	9	5	10	12	10	3	2	10	10	5	7	3	2	5	3	
16	13	14	14	6	17	7	9	4	6	5	0	9	14	8	15	17	15	2	5	15	9	10	12	8	3	10	8	
7	4	5	5	3	8	6	6	5	7	4	9	0	5	5	6	8	6	7	4	6	10	5	3	1	6	3	1	
2	3	2	6	8	3	7	7	10	8	9	14	5	0	6	1	3	1	12	9	5	11	4	2	6	11	4	6	
8	5	6	10	2	9	11	11	6	12	5	8	5	6	0	7	9	7	6	3	9	15	2	6	4	5	2	6	
1	2	1	7	9	4	8	8	11	9	10	15	6	1	7	0	2	2	13	10	6	12	5	3	7	12	5	7	
1	4	3	5	11	2	10	8	13	11	12	17	8	3	9	2	0	2	15	12	4	10	7	5	9	14	7	9	
1	4	3	5	9	2	8	6	11	9	10	15	6	1	7	2	2	0	13	10	4	10	5	3	7	12	5	7	
14	11	12	12	4	15	5	7	2	6	3	2	7	12	6	13	15	13	0	3	13	9	8	10	6	3	8	6	
11	8	9	9	1	12	8	8	3	9	2	5	4	9	3	10	12	10	3	0	10	12	5	7	3	2	5	3	
5	8	7	1	9	2	8	6	11	9	10	15	6	5	9	6	4	4	13	10	0	6	9	3	7	12	7	7	
11	14	13	5	13	8	4	4	9	3	10	9	10	11	15	12	10	10	9	12	6	0	15	9	11	12	13	9	
6	3	4	10	4	7	11	11	6	12	5	10	5	4	2	5	7	5	8	5	9	15	0	6	4	7	2	6	
4	5	4	4	6	5	5	5	8	6	7	12	3	2	6	3	5	3	10	7	3	9	6	0	4	9	4	4	
8	5	6	6	2	9	7	7	4	8	3	8	1	6	4	7	9	7	6	3	7	11	4	4	0	5	2	2	
13	10	11	11	3	14	8	8	3	9	2	3	6	11	5	12	14	12	3	2	12	12	7	9	5	0	7	5	
6	3	4	8	4	7	9	9	6	10	5	10	3	4	2	5	7	5	8	5	7	13	2	4	2	7	0	4	
8	5	6	6	4	9	5	5	4	6	3	8	1	6	6	7	9	7	6	3	7	9	6	4	2	5	4	0	
