5
6
16

1

600	500	200	400	300	

1	2	1	1	2	

2	
2	3	
2	
3	
2	3	


2	4	

2	1	
3	6	1	

2	5	

1	5	2	

5	1	
3	2	4	


3	2	
3	3	
6	1	4	
4	3	
1	3	6	
4	5	
4	5	3	

5	5	5	5	5	5	
2800	3200	3700	1700	2000	600	
400	550	650	500	500	500	

0	7	5	6	7	5	3	6	4	4	1	3	6	2	4	4	
7	0	10	7	8	2	4	9	3	9	6	8	9	9	11	7	
5	10	0	11	12	8	6	1	7	9	4	2	3	5	3	3	
6	7	11	0	1	5	7	12	4	2	7	9	12	6	8	10	
7	8	12	1	0	6	8	13	5	3	8	10	13	7	9	11	
5	2	8	5	6	0	4	9	1	7	4	6	9	7	9	7	
3	4	6	7	8	4	0	5	3	5	2	4	5	5	7	3	
6	9	1	12	13	9	5	0	8	10	5	3	2	6	4	2	
4	3	7	4	5	1	3	8	0	6	3	5	8	6	8	6	
4	9	9	2	3	7	5	10	6	0	5	7	10	4	6	8	
1	6	4	7	8	4	2	5	3	5	0	2	5	3	5	3	
3	8	2	9	10	6	4	3	5	7	2	0	3	3	3	1	
6	9	3	12	13	9	5	2	8	10	5	3	0	6	4	2	
2	9	5	6	7	7	5	6	6	4	3	3	6	0	2	4	
4	11	3	8	9	9	7	4	8	6	5	3	4	2	0	4	
4	7	3	10	11	7	3	2	6	8	3	1	2	4	4	0	
