5
6
16

1

600	200	400	300	500	

1	2	2	1	1	

2	
3	3	
3	3	
2	
2	


6	1	

6	4	5	
6	5	3	

5	4	6	
2	4	6	

4	6	

6	2	


3	6	
1	3	5	
3	5	4	
3	1	6	
1	6	5	
6	1	
6	3	

5	5	5	5	5	5	
3900	2000	900	2600	1200	3100	
600	500	300	600	350	700	

0	12	10	9	2	2	6	7	16	7	6	6	1	3	10	5	
12	0	2	5	10	10	8	7	4	5	8	6	13	9	4	7	
10	2	0	7	8	8	6	5	6	3	6	4	11	7	2	5	
9	5	7	0	7	9	13	12	7	4	13	7	10	10	9	4	
2	10	8	7	0	2	6	5	14	5	6	4	3	3	8	3	
2	10	8	9	2	0	4	5	14	5	4	4	3	1	8	5	
6	8	6	13	6	4	0	1	10	9	2	6	7	3	4	9	
7	7	5	12	5	5	1	0	9	8	3	5	8	4	3	8	
16	4	6	7	14	14	10	9	0	9	12	10	17	13	6	11	
7	5	3	4	5	5	9	8	9	0	9	3	8	6	5	2	
6	8	6	13	6	4	2	3	12	9	0	6	5	3	6	9	
6	6	4	7	4	4	6	5	10	3	6	0	7	3	4	3	
1	13	11	10	3	3	7	8	17	8	5	7	0	4	11	6	
3	9	7	10	3	1	3	4	13	6	3	3	4	0	7	6	
10	4	2	9	8	8	4	3	6	5	6	4	11	7	0	5	
5	7	5	4	3	5	9	8	11	2	9	3	6	6	5	0	
