4
5
15

1

300	500	600	500	

1	2	1	2	

3	
2	2	
2	
2	3	


4	3	2	

1	3	
4	5	

5	2	

1	2	
1	5	2	


5	4	3	
5	1	
6	2	
3	4	
2	4	
4	2	4	

4	4	4	4	4	
2900	2700	2000	3000	2600	
700	300	600	700	350	

0	1	13	7	2	10	8	4	10	11	10	3	9	9	6	
1	0	12	6	3	9	7	5	9	10	9	2	8	8	5	
13	12	0	6	13	7	7	9	5	2	3	10	4	4	7	
7	6	6	0	7	13	1	9	3	8	9	4	10	4	1	
2	3	13	7	0	10	8	4	10	11	10	3	9	9	8	
10	9	7	13	10	0	14	6	12	5	4	9	3	9	14	
8	7	7	1	8	14	0	10	2	9	10	5	11	5	2	
4	5	9	9	4	6	10	0	8	7	6	5	5	5	10	
10	9	5	3	10	12	2	8	0	7	8	7	9	3	4	
11	10	2	8	11	5	9	7	7	0	1	8	2	4	9	
10	9	3	9	10	4	10	6	8	1	0	7	1	5	10	
3	2	10	4	3	9	5	5	7	8	7	0	6	6	5	
9	8	4	10	9	3	11	5	9	2	1	6	0	6	11	
9	8	4	4	9	9	5	5	3	4	5	6	6	0	5	
6	5	7	1	8	14	2	10	4	9	10	5	11	5	0	
