5
6
15

1

600	600	400	200	200	

2	2	2	2	1	

3	2	
2	2	
2	2	
2	2	
3	


3	2	1	
1	5	

5	3	
6	5	

6	3	
6	4	

5	4	
3	1	

3	4	1	


3	5	3	
6	6	
2	1	
1	1	
6	1	
3	4	
2	6	
6	1	
5	6	6	

5	5	5	5	5	5	
3800	3000	1800	1900	4500	2500	
700	350	750	550	450	400	

0	6	6	2	10	2	8	10	6	2	5	11	9	11	6	
6	0	2	8	4	8	6	4	6	4	11	5	3	5	4	
6	2	0	6	6	8	4	4	6	4	9	7	5	5	2	
2	8	6	0	12	4	6	8	8	4	3	13	11	9	4	
10	4	6	12	0	10	10	8	4	8	15	3	1	7	8	
2	8	8	4	10	0	10	12	6	4	5	11	9	13	8	
8	6	4	6	10	10	0	2	8	6	5	11	9	3	2	
10	4	4	8	8	12	2	0	10	8	7	9	7	1	4	
6	6	6	8	4	6	8	10	0	4	11	5	5	11	6	
2	4	4	4	8	4	6	8	4	0	7	9	7	9	4	
5	11	9	3	15	5	5	7	11	7	0	16	14	8	7	
11	5	7	13	3	11	11	9	5	9	16	0	4	10	9	
9	3	5	11	1	9	9	7	5	7	14	4	0	6	7	
11	5	5	9	7	13	3	1	11	9	8	10	6	0	5	
6	4	2	4	8	8	2	4	6	4	7	9	7	5	0	
